%%--------------------------------------------------------------
% .m file created by Version 14.8.0 (6302) (Deployment Build) (AMD64) - Multiport [3-5977] on Thu Oct 17 00:42:57 2013.
%%
%% Example of usage:
%  >> plot(fHz*1E-9, 20*log10(abs(reshape(S(1,1,:),len(fHz),1))) )
%%  >> grid on
%%
%%--------------------------------------------------------------
S = zeros(1, 1, 501);
fHz = [  250000000.0, 250200000.0, 250400000.0, 250600000.0, 250800000.0, 251000000.0, 251200000.0, 251400000.0, 251600000.0, 251800000.0, 252000000.0, 252200000.0, 252400000.0, 252600000.0, 252800000.0, 253000000.0, 253200000.0, 253400000.0, 253600000.0, 253800000.0, 254000000.0, 254200000.0, 254400000.0, 254600000.0, 254800000.0, 255000000.0, 255200000.0, 255400000.0, 255600000.0, 255800000.0, 256000000.0, 256200000.0, 256400000.0, 256600000.0, 256800000.0, 257000000.0, 257200000.0, 257400000.0, 257600000.0, 257800000.0, 258000000.0, 258200000.0, 258400000.0, 258600000.0, 258800000.0, 259000000.0, 259200000.0, 259400000.0, 259600000.0, 259800000.0, 260000000.0, 260200000.0, 260400000.0, 260600000.0, 260800000.0, 261000000.0, 261200000.0, 261400000.0, 261600000.0, 261800000.0, 262000000.0, 262200000.0, 262400000.0, 262600000.0, 262800000.0, 263000000.0, 263200000.0, 263400000.0, 263600000.0, 263800000.0, 264000000.0, 264200000.0, 264400000.0, 264600000.0, 264800000.0, 265000000.0, 265200000.0, 265400000.0, 265600000.0, 265800000.0, 266000000.0, 266200000.0, 266400000.0, 266600000.0, 266800000.0, 267000000.0, 267200000.0, 267400000.0, 267600000.0, 267800000.0, 268000000.0, 268200000.0, 268400000.0, 268600000.0, 268800000.0, 269000000.0, 269200000.0, 269400000.0, 269600000.0, 269800000.0, 270000000.0, 270200000.0, 270400000.0, 270600000.0, 270800000.0, 271000000.0, 271200000.0, 271400000.0, 271600000.0, 271800000.0, 272000000.0, 272200000.0, 272400000.0, 272600000.0, 272800000.0, 273000000.0, 273200000.0, 273400000.0, 273600000.0, 273800000.0, 274000000.0, 274200000.0, 274400000.0, 274600000.0, 274800000.0, 275000000.0, 275200000.0, 275400000.0, 275600000.0, 275800000.0, 276000000.0, 276200000.0, 276400000.0, 276600000.0, 276800000.0, 277000000.0, 277200000.0, 277400000.0, 277600000.0, 277800000.0, 278000000.0, 278200000.0, 278400000.0, 278600000.0, 278800000.0, 279000000.0, 279200000.0, 279400000.0, 279600000.0, 279800000.0, 280000000.0, 280200000.0, 280400000.0, 280600000.0, 280800000.0, 281000000.0, 281200000.0, 281400000.0, 281600000.0, 281800000.0, 282000000.0, 282200000.0, 282400000.0, 282600000.0, 282800000.0, 283000000.0, 283200000.0, 283400000.0, 283600000.0, 283800000.0, 284000000.0, 284200000.0, 284400000.0, 284600000.0, 284800000.0, 285000000.0, 285200000.0, 285400000.0, 285600000.0, 285800000.0, 286000000.0, 286200000.0, 286400000.0, 286600000.0, 286800000.0, 287000000.0, 287200000.0, 287400000.0, 287600000.0, 287800000.0, 288000000.0, 288200000.0, 288400000.0, 288600000.0, 288800000.0, 289000000.0, 289200000.0, 289400000.0, 289600000.0, 289800000.0, 290000000.0, 290200000.0, 290400000.0, 290600000.0, 290800000.0, 291000000.0, 291200000.0, 291400000.0, 291600000.0, 291800000.0, 292000000.0, 292200000.0, 292400000.0, 292600000.0, 292800000.0, 293000000.0, 293200000.0, 293400000.0, 293600000.0, 293800000.0, 294000000.0, 294200000.0, 294400000.0, 294600000.0, 294800000.0, 295000000.0, 295200000.0, 295400000.0, 295600000.0, 295800000.0, 296000000.0, 296200000.0, 296400000.0, 296600000.0, 296800000.0, 297000000.0, 297200000.0, 297400000.0, 297600000.0, 297800000.0, 298000000.0, 298200000.0, 298400000.0, 298600000.0, 298800000.0, 299000000.0, 299200000.0, 299400000.0, 299600000.0, 299800000.0, 300000000.0, 300200000.0, 300400000.0, 300600000.0, 300800000.0, 301000000.0, 301200000.0, 301400000.0, 301600000.0, 301800000.0, 302000000.0, 302200000.0, 302400000.0, 302600000.0, 302800000.0, 303000000.0, 303200000.0, 303400000.0, 303600000.0, 303800000.0, 304000000.0, 304200000.0, 304400000.0, 304600000.0, 304800000.0, 305000000.0, 305200000.0, 305400000.0, 305600000.0, 305800000.0, 306000000.0, 306200000.0, 306400000.0, 306600000.0, 306800000.0, 307000000.0, 307200000.0, 307400000.0, 307600000.0, 307800000.0, 308000000.0, 308200000.0, 308400000.0, 308600000.0, 308800000.0, 309000000.0, 309200000.0, 309400000.0, 309600000.0, 309800000.0, 310000000.0, 310200000.0, 310400000.0, 310600000.0, 310800000.0, 311000000.0, 311200000.0, 311400000.0, 311600000.0, 311800000.0, 312000000.0, 312200000.0, 312400000.0, 312600000.0, 312800000.0, 313000000.0, 313200000.0, 313400000.0, 313600000.0, 313800000.0, 314000000.0, 314200000.0, 314400000.0, 314600000.0, 314800000.0, 315000000.0, 315200000.0, 315400000.0, 315600000.0, 315800000.0, 316000000.0, 316200000.0, 316400000.0, 316600000.0, 316800000.0, 317000000.0, 317200000.0, 317400000.0, 317600000.0, 317800000.0, 318000000.0, 318200000.0, 318400000.0, 318600000.0, 318800000.0, 319000000.0, 319200000.0, 319400000.0, 319600000.0, 319800000.0, 320000000.0, 320200000.0, 320400000.0, 320600000.0, 320800000.0, 321000000.0, 321200000.0, 321400000.0, 321600000.0, 321800000.0, 322000000.0, 322200000.0, 322400000.0, 322600000.0, 322800000.0, 323000000.0, 323200000.0, 323400000.0, 323600000.0, 323800000.0, 324000000.0, 324200000.0, 324400000.0, 324600000.0, 324800000.0, 325000000.0, 325200000.0, 325400000.0, 325600000.0, 325800000.0, 326000000.0, 326200000.0, 326400000.0, 326600000.0, 326800000.0, 327000000.0, 327200000.0, 327400000.0, 327600000.0, 327800000.0, 328000000.0, 328200000.0, 328400000.0, 328600000.0, 328800000.0, 329000000.0, 329200000.0, 329400000.0, 329600000.0, 329800000.0, 330000000.0, 330200000.0, 330400000.0, 330600000.0, 330800000.0, 331000000.0, 331200000.0, 331400000.0, 331600000.0, 331800000.0, 332000000.0, 332200000.0, 332400000.0, 332600000.0, 332800000.0, 333000000.0, 333200000.0, 333400000.0, 333600000.0, 333800000.0, 334000000.0, 334200000.0, 334400000.0, 334600000.0, 334800000.0, 335000000.0, 335200000.0, 335400000.0, 335600000.0, 335800000.0, 336000000.0, 336200000.0, 336400000.0, 336600000.0, 336800000.0, 337000000.0, 337200000.0, 337400000.0, 337600000.0, 337800000.0, 338000000.0, 338200000.0, 338400000.0, 338600000.0, 338800000.0, 339000000.0, 339200000.0, 339400000.0, 339600000.0, 339800000.0, 340000000.0, 340200000.0, 340400000.0, 340600000.0, 340800000.0, 341000000.0, 341200000.0, 341400000.0, 341600000.0, 341800000.0, 342000000.0, 342200000.0, 342400000.0, 342600000.0, 342800000.0, 343000000.0, 343200000.0, 343400000.0, 343600000.0, 343800000.0, 344000000.0, 344200000.0, 344400000.0, 344600000.0, 344800000.0, 345000000.0, 345200000.0, 345400000.0, 345600000.0, 345800000.0, 346000000.0, 346200000.0, 346400000.0, 346600000.0, 346800000.0, 347000000.0, 347200000.0, 347400000.0, 347600000.0, 347800000.0, 348000000.0, 348200000.0, 348400000.0, 348600000.0, 348800000.0, 349000000.0, 349200000.0, 349400000.0, 349600000.0, 349800000.0,350000000.0 ];
S(:,:,1)= [ 0.99713970085652393+j*0.055603017263964424];
S(:,:,2)= [ 0.99715070669382355+j*0.055340587188578011];
S(:,:,3)= [ 0.99716163427912585+j*0.055078369463081089];
S(:,:,4)= [ 0.99717248557037819+j*0.05481635954176222];
S(:,:,5)= [ 0.99718326196544349+j*0.054554552670443415];
S(:,:,6)= [ 0.99719396758359569+j*0.054292942557724697];
S(:,:,7)= [ 0.99720460288289103+j*0.054031531624030099];
S(:,:,8)= [ 0.99721516988799064+j*0.053770311665810241];
S(:,:,9)= [ 0.99722566749969388+j*0.053509280806180774];
S(:,:,10)= [ 0.99723609970909122+j*0.053248438139701072];
S(:,:,11)= [ 0.99724646653334215+j*0.052987778175987453];
S(:,:,12)= [ 0.99725676723902767+j*0.052727303935211321];
S(:,:,13)= [ 0.99726700591634621+j*0.052467003514908454];
S(:,:,14)= [ 0.99727717599254895+j*0.052206881607574501];
S(:,:,15)= [ 0.99728728640515008+j*0.051946930246393838];
S(:,:,16)= [ 0.99729733524914344+j*0.051687151784043144];
S(:,:,17)= [ 0.99730731738675082+j*0.051427537425615386];
S(:,:,18)= [ 0.99731723743139988+j*0.051168093345067459];
